EEGPos(1:3) = 4:6;
EEGPos(4:5) = [13, 15];
EEGPos(6 : 14) = 19:27;
EEGPos(15 : 23) = 28:36;
EEGPos(24 : 32) = 37:45;
EEGPos(34 : 42) = 46:54;
EEGPos(44 : 52) = 55:63;
EEGPos(53 : 59) = 65:71;
EEGPos(60) = 85;
EEGPos(61 : 63) = 76:78;
EEGPos(64) = 87;


